[gd_scene load_steps=11 format=2]

[ext_resource path="res://animation/AnimationCanon.dae" type="PackedScene" id=1]
[ext_resource path="res://animation/Matériau_001.material" type="Material" id=2]
[ext_resource path="res://animation/flame.png" type="Texture" id=3]

[sub_resource type="Gradient" id=1]
offsets = PoolRealArray( 0, 0.303704, 1 )
colors = PoolColorArray( 0, 0, 0, 1, 0.435294, 0.435294, 0.435294, 1, 1, 1, 1, 0 )

[sub_resource type="GradientTexture" id=2]
gradient = SubResource( 1 )

[sub_resource type="Curve" id=3]
_data = [ Vector2( 0, 0 ), 0.0, 0.0, 0, 0, Vector2( 0.120253, 1 ), 0.0, 0.0, 0, 0, Vector2( 0.329114, 0.578409 ), -1.77152, -1.77152, 0, 0, Vector2( 0.620253, 0.169318 ), -0.776413, -0.776413, 0, 0, Vector2( 1, 0 ), 0.0, 0.0, 0, 0 ]

[sub_resource type="CurveTexture" id=4]
curve = SubResource( 3 )

[sub_resource type="ParticlesMaterial" id=5]
gravity = Vector3( 0, 0, 0 )
scale_curve = SubResource( 4 )
color_ramp = SubResource( 2 )

[sub_resource type="SpatialMaterial" id=6]
flags_transparent = true
flags_unshaded = true
vertex_color_use_as_albedo = true
params_billboard_mode = 3
particles_anim_h_frames = 1
particles_anim_v_frames = 1
particles_anim_loop = false
albedo_texture = ExtResource( 3 )

[sub_resource type="QuadMesh" id=7]
material = SubResource( 6 )

[node name="AnimationCanon" instance=ExtResource( 1 )]

[node name="Cube003" parent="." index="4"]
transform = Transform( 0.707107, 0, -0.707107, 0, 1, 0, 0.707107, 0, 0.707107, 2, 0, 2 )
material/0 = ExtResource( 2 )

[node name="Cube002" parent="." index="5"]
transform = Transform( -0.707107, 0, 0.707107, 0, 1, 0, -0.707107, 0, -0.707107, -2, 0, -2 )
material/0 = ExtResource( 2 )

[node name="Cube001" parent="." index="6"]
transform = Transform( -0.707107, 0, -0.707107, 0, 1, 0, 0.707107, 0, -0.707107, -2, 0, 2 )
material/0 = ExtResource( 2 )

[node name="Cube" parent="." index="7"]
transform = Transform( 0.707107, 0, 0.707107, 0, 1, 0, -0.707107, 0, 0.707107, 2, 0, -2 )
material/0 = ExtResource( 2 )

[node name="Particles" type="Particles" parent="." index="9"]
transform = Transform( 1, 0, 0, 0, 1, 0, 0, 0, 1, 1.1, 0.5, -1.1 )
emitting = false
amount = 1
one_shot = true
process_material = SubResource( 5 )
draw_pass_1 = SubResource( 7 )

[node name="Particles2" type="Particles" parent="." index="10"]
transform = Transform( 1, 0, 0, 0, 1, 0, 0, 0, 1, 1.1, 0.5, 1.1 )
emitting = false
amount = 1
one_shot = true
process_material = SubResource( 5 )
draw_pass_1 = SubResource( 7 )

[node name="Particles3" type="Particles" parent="." index="11"]
transform = Transform( 1, 0, 0, 0, 1, 0, 0, 0, 1, -1.1, 0.5, 1.1 )
emitting = false
amount = 1
one_shot = true
process_material = SubResource( 5 )
draw_pass_1 = SubResource( 7 )

[node name="Particles4" type="Particles" parent="." index="12"]
transform = Transform( 1, 0, 0, 0, 1, 0, 0, 0, 1, -1.1, 0.5, -1.1 )
emitting = false
amount = 1
one_shot = true
process_material = SubResource( 5 )
draw_pass_1 = SubResource( 7 )
